0 10 20 True
0 0
0,5263157894736842 0,27700831024930744
1,0526315789473684 1,1080332409972298
1,5789473684210527 2,4930747922437675
2,1052631578947367 4,432132963988919
2,631578947368421 6,925207756232686
3,1578947368421053 9,97229916897507
3,6842105263157894 13,573407202216066
4,2105263157894735 17,728531855955676
4,7368421052631575 22,437673130193904
5,263157894736842 27,700831024930743
5,789473684210526 33,5180055401662
6,315789473684211 39,88919667590028
6,842105263157895 46,81440443213296
7,368421052631579 54,29362880886426
7,894736842105263 62,32686980609418
8,421052631578947 70,9141274238227
8,947368421052632 80,05540166204986
9,473684210526315 89,75069252077562
10 100
